0.000000, 0.400000, 0.400000
0.000000, 0.399968, 0.399960
0.010000, 0.396832, 0.396017
0.020000, 0.393817, 0.392182
0.030000, 0.390920, 0.388451
0.040000, 0.388134, 0.384821
0.050000, 0.385455, 0.381286
0.060000, 0.382878, 0.377843
0.070000, 0.380399, 0.374488
0.080000, 0.378013, 0.371218
0.090000, 0.375717, 0.368029
0.100000, 0.373508, 0.364919
0.110000, 0.371381, 0.361884
0.120000, 0.369334, 0.358921
0.130000, 0.367363, 0.356029
0.140000, 0.365466, 0.353203
0.150000, 0.363640, 0.350443
0.160000, 0.361881, 0.347745
0.170000, 0.360189, 0.345107
0.180000, 0.358559, 0.342528
0.190000, 0.356990, 0.340004
0.200000, 0.355481, 0.337535
0.210000, 0.354027, 0.335119
0.220000, 0.352629, 0.332753
0.230000, 0.351284, 0.330436
0.240000, 0.349989, 0.328166
0.250000, 0.348744, 0.325942
0.260000, 0.347547, 0.323763
0.270000, 0.346396, 0.321626
0.280000, 0.345290, 0.319532
0.290000, 0.344227, 0.317477
0.300000, 0.343206, 0.315461
0.310000, 0.342225, 0.313484
0.320000, 0.341284, 0.311543
0.330000, 0.340381, 0.309637
0.340000, 0.339516, 0.307767
0.350000, 0.338686, 0.305929
0.360000, 0.337891, 0.304124
0.370000, 0.337130, 0.302351
0.380000, 0.336401, 0.300609
0.390000, 0.335705, 0.298896
0.400000, 0.335040, 0.297212
0.410000, 0.334405, 0.295556
0.420000, 0.333799, 0.293928
0.430000, 0.333222, 0.292326
0.440000, 0.332672, 0.290750
0.450000, 0.332150, 0.289200
0.460000, 0.331654, 0.287673
0.470000, 0.331183, 0.286171
0.480000, 0.330738, 0.284692
0.490000, 0.330316, 0.283235
0.500000, 0.329919, 0.281800
0.510000, 0.329544, 0.280387
0.520000, 0.329192, 0.278995
0.530000, 0.328862, 0.277623
0.540000, 0.328553, 0.276270
0.550000, 0.328265, 0.274937
0.560000, 0.327998, 0.273623
0.570000, 0.327750, 0.272327
0.580000, 0.327522, 0.271049
0.590000, 0.327313, 0.269789
0.600000, 0.327122, 0.268546
0.610000, 0.326949, 0.267319
0.620000, 0.326794, 0.266108
0.630000, 0.326656, 0.264913
0.640000, 0.326534, 0.263734
0.650000, 0.326430, 0.262570
0.660000, 0.326341, 0.261420
0.670000, 0.326268, 0.260285
0.680000, 0.326211, 0.259164
0.690000, 0.326168, 0.258056
0.700000, 0.326140, 0.256962
0.710000, 0.326127, 0.255881
0.720000, 0.326128, 0.254813
0.730000, 0.326142, 0.253757
0.740000, 0.326170, 0.252714
0.750000, 0.326211, 0.251683
0.760000, 0.326266, 0.250663
0.770000, 0.326332, 0.249654
0.780000, 0.326411, 0.248657
0.790000, 0.326503, 0.247671
0.800000, 0.326606, 0.246695
0.810000, 0.326721, 0.245730
0.820000, 0.326847, 0.244775
0.830000, 0.326984, 0.243831
0.840000, 0.327133, 0.242895
0.850000, 0.327292, 0.241970
0.860000, 0.327461, 0.241054
0.870000, 0.327641, 0.240147
0.880000, 0.327831, 0.239249
0.890000, 0.328031, 0.238360
0.900000, 0.328241, 0.237480
0.910000, 0.328460, 0.236608
0.920000, 0.328689, 0.235744
0.930000, 0.328927, 0.234889
0.940000, 0.329173, 0.234041
0.950000, 0.329429, 0.233201
0.960000, 0.329693, 0.232369
0.970000, 0.329966, 0.231544
0.980000, 0.330247, 0.230727
0.990000, 0.330536, 0.229917
1.000000, 0.330833, 0.229114
1.010000, 0.331138, 0.228317
1.020000, 0.331451, 0.227528
1.030000, 0.331771, 0.226745
1.040000, 0.332099, 0.225969
1.050000, 0.332434, 0.225199
1.060000, 0.332777, 0.224435
1.070000, 0.333126, 0.223678
1.080000, 0.333482, 0.222926
1.090000, 0.333845, 0.222181
1.100000, 0.334215, 0.221441
1.110000, 0.334591, 0.220707
1.120000, 0.334974, 0.219978
1.130000, 0.335362, 0.219256
1.140000, 0.335757, 0.218538
1.150000, 0.336159, 0.217826
1.160000, 0.336566, 0.217119
1.170000, 0.336979, 0.216417
1.180000, 0.337397, 0.215719
1.190000, 0.337821, 0.215027
1.200000, 0.338251, 0.214340
1.210000, 0.338687, 0.213658
1.220000, 0.339127, 0.212980
1.230000, 0.339573, 0.212306
1.240000, 0.340024, 0.211638
1.250000, 0.340480, 0.210973
1.260000, 0.340941, 0.210313
1.270000, 0.341407, 0.209657
1.280000, 0.341877, 0.209006
1.290000, 0.342353, 0.208358
1.300000, 0.342832, 0.207715
1.310000, 0.343317, 0.207075
1.320000, 0.343806, 0.206440
1.330000, 0.344299, 0.205808
1.340000, 0.344796, 0.205180
1.350000, 0.345298, 0.204556
1.360000, 0.345804, 0.203935
1.370000, 0.346313, 0.203318
1.380000, 0.346827, 0.202705
1.390000, 0.347345, 0.202095
1.400000, 0.347866, 0.201488
1.410000, 0.348391, 0.200885
1.420000, 0.348920, 0.200285
1.430000, 0.349453, 0.199688
1.440000, 0.349989, 0.199095
1.450000, 0.350528, 0.198505
1.460000, 0.351071, 0.197917
1.470000, 0.351617, 0.197333
1.480000, 0.352167, 0.196752
1.490000, 0.352720, 0.196174
1.500000, 0.353275, 0.195599
1.510000, 0.353834, 0.195026
1.520000, 0.354396, 0.194457
1.530000, 0.354961, 0.193890
1.540000, 0.355529, 0.193326
1.550000, 0.356100, 0.192765
1.560000, 0.356673, 0.192206
1.570000, 0.357249, 0.191650
1.580000, 0.357828, 0.191097
1.590000, 0.358409, 0.190546
1.600000, 0.358993, 0.189997
1.610000, 0.359580, 0.189451
1.620000, 0.360169, 0.188908
1.630000, 0.360760, 0.188367
1.640000, 0.361354, 0.187828
1.650000, 0.361950, 0.187292
1.660000, 0.362548, 0.186758
1.670000, 0.363149, 0.186226
1.680000, 0.363751, 0.185696
1.690000, 0.364356, 0.185169
1.700000, 0.364963, 0.184644
1.710000, 0.365571, 0.184121
1.720000, 0.366182, 0.183600
1.730000, 0.366795, 0.183081
1.740000, 0.367409, 0.182564
1.750000, 0.368026, 0.182049
1.760000, 0.368644, 0.181536
1.770000, 0.369264, 0.181026
1.780000, 0.369885, 0.180517
1.790000, 0.370509, 0.180010
1.800000, 0.371134, 0.179505
1.810000, 0.371760, 0.179002
1.820000, 0.372388, 0.178501
1.830000, 0.373017, 0.178001
1.840000, 0.373648, 0.177504
1.850000, 0.374281, 0.177008
1.860000, 0.374914, 0.176514
1.870000, 0.375549, 0.176022
1.880000, 0.376186, 0.175531
1.890000, 0.376823, 0.175042
1.900000, 0.377462, 0.174555
1.910000, 0.378102, 0.174070
1.920000, 0.378743, 0.173586
1.930000, 0.379385, 0.173104
1.940000, 0.380029, 0.172623
1.950000, 0.380673, 0.172144
1.960000, 0.381318, 0.171667
1.970000, 0.381965, 0.171191
1.980000, 0.382612, 0.170717
1.990000, 0.383260, 0.170244
2.000000, 0.383909, 0.169773
2.010000, 0.384559, 0.169303
2.020000, 0.385210, 0.168834
2.030000, 0.385861, 0.168368
2.040000, 0.386514, 0.167902
2.050000, 0.387167, 0.167438
2.060000, 0.387820, 0.166976
2.070000, 0.388475, 0.166515
2.080000, 0.389130, 0.166055
2.090000, 0.389785, 0.165597
2.100000, 0.390441, 0.165140
2.110000, 0.391098, 0.164684
2.120000, 0.391755, 0.164230
2.130000, 0.392413, 0.163777
2.140000, 0.393071, 0.163325
2.150000, 0.393729, 0.162875
2.160000, 0.394388, 0.162426
2.170000, 0.395048, 0.161978
2.180000, 0.395707, 0.161532
2.190000, 0.396367, 0.161086
2.200000, 0.397028, 0.160642
2.210000, 0.397688, 0.160200
2.220000, 0.398349, 0.159758
2.230000, 0.399010, 0.159318
2.240000, 0.399671, 0.158879
2.250000, 0.400333, 0.158441
2.260000, 0.400994, 0.158004
2.270000, 0.401656, 0.157569
2.280000, 0.402318, 0.157134
2.290000, 0.402980, 0.156701
2.300000, 0.403642, 0.156269
2.310000, 0.404304, 0.155838
2.320000, 0.404966, 0.155409
2.330000, 0.405628, 0.154980
2.340000, 0.406290, 0.154552
2.350000, 0.406952, 0.154126
2.360000, 0.407613, 0.153701
2.370000, 0.408275, 0.153277
2.380000, 0.408937, 0.152854
2.390000, 0.409598, 0.152432
2.400000, 0.410260, 0.152011
2.410000, 0.410921, 0.151591
2.420000, 0.411582, 0.151172
2.430000, 0.412242, 0.150754
2.440000, 0.412903, 0.150338
2.450000, 0.413563, 0.149922
2.460000, 0.414223, 0.149507
2.470000, 0.414883, 0.149094
2.480000, 0.415542, 0.148681
2.490000, 0.416201, 0.148270
2.500000, 0.416860, 0.147859
2.510000, 0.417519, 0.147450
2.520000, 0.418177, 0.147041
2.530000, 0.418834, 0.146634
2.540000, 0.419491, 0.146227
2.550000, 0.420148, 0.145822
2.560000, 0.420805, 0.145417
2.570000, 0.421460, 0.145013
2.580000, 0.422116, 0.144611
2.590000, 0.422771, 0.144209
2.600000, 0.423425, 0.143808
2.610000, 0.424079, 0.143409
2.620000, 0.424732, 0.143010
2.630000, 0.425385, 0.142612
2.640000, 0.426037, 0.142215
2.650000, 0.426689, 0.141819
2.660000, 0.427340, 0.141424
2.670000, 0.427991, 0.141030
2.680000, 0.428640, 0.140637
2.690000, 0.429290, 0.140245
2.700000, 0.429938, 0.139854
2.710000, 0.430586, 0.139463
2.720000, 0.431233, 0.139074
2.730000, 0.431880, 0.138686
2.740000, 0.432526, 0.138298
2.750000, 0.433171, 0.137911
2.760000, 0.433815, 0.137525
2.770000, 0.434459, 0.137140
2.780000, 0.435102, 0.136756
2.790000, 0.435744, 0.136373
2.800000, 0.436385, 0.135991
2.810000, 0.437026, 0.135610
2.820000, 0.437666, 0.135229
2.830000, 0.438305, 0.134850
2.840000, 0.438943, 0.134471
2.850000, 0.439580, 0.134093
2.860000, 0.440216, 0.133716
2.870000, 0.440852, 0.133340
2.880000, 0.441487, 0.132965
2.890000, 0.442121, 0.132591
2.900000, 0.442754, 0.132217
2.910000, 0.443386, 0.131844
2.920000, 0.444017, 0.131473
2.930000, 0.444647, 0.131102
2.940000, 0.445277, 0.130732
2.950000, 0.445905, 0.130362
2.960000, 0.446533, 0.129994
2.970000, 0.447159, 0.129627
2.980000, 0.447785, 0.129260
2.990000, 0.448410, 0.128894
3.000000, 0.449033, 0.128529
3.010000, 0.449656, 0.128165
3.020000, 0.450278, 0.127801
3.030000, 0.450898, 0.127439
3.040000, 0.451518, 0.127077
3.050000, 0.452137, 0.126717
3.060000, 0.452754, 0.126357
3.070000, 0.453371, 0.125997
3.080000, 0.453987, 0.125639
3.090000, 0.454601, 0.125281
3.100000, 0.455215, 0.124925
3.110000, 0.455827, 0.124569
3.120000, 0.456439, 0.124214
3.130000, 0.457049, 0.123860
3.140000, 0.457658, 0.123506
3.150000, 0.458266, 0.123154
3.160000, 0.458873, 0.122802
3.170000, 0.459479, 0.122451
3.180000, 0.460084, 0.122101
3.190000, 0.460688, 0.121751
3.200000, 0.461291, 0.121403
3.210000, 0.461892, 0.121055
3.220000, 0.462493, 0.120708
3.230000, 0.463092, 0.120362
3.240000, 0.463690, 0.120016
3.250000, 0.464287, 0.119672
3.260000, 0.464883, 0.119328
3.270000, 0.465477, 0.118985
3.280000, 0.466071, 0.118643
3.290000, 0.466663, 0.118301
3.300000, 0.467254, 0.117961
3.310000, 0.467844, 0.117621
3.320000, 0.468433, 0.117282
3.330000, 0.469021, 0.116944
3.340000, 0.469607, 0.116606
3.350000, 0.470193, 0.116270
3.360000, 0.470777, 0.115934
3.370000, 0.471359, 0.115599
3.380000, 0.471941, 0.115265
3.390000, 0.472522, 0.114931
3.400000, 0.473101, 0.114598
3.410000, 0.473679, 0.114266
3.420000, 0.474256, 0.113935
3.430000, 0.474831, 0.113605
3.440000, 0.475406, 0.113275
3.450000, 0.475979, 0.112946
3.460000, 0.476551, 0.112618
3.470000, 0.477121, 0.112291
3.480000, 0.477691, 0.111964
3.490000, 0.478259, 0.111639
3.500000, 0.478826, 0.111314
3.510000, 0.479391, 0.110990
3.520000, 0.479956, 0.110666
3.530000, 0.480519, 0.110343
3.540000, 0.481081, 0.110022
3.550000, 0.481642, 0.109700
3.560000, 0.482201, 0.109380
3.570000, 0.482759, 0.109060
3.580000, 0.483316, 0.108742
3.590000, 0.483872, 0.108424
3.600000, 0.484426, 0.108106
3.610000, 0.484979, 0.107790
3.620000, 0.485531, 0.107474
3.630000, 0.486081, 0.107159
3.640000, 0.486630, 0.106845
3.650000, 0.487178, 0.106531
3.660000, 0.487725, 0.106218
3.670000, 0.488270, 0.105906
3.680000, 0.488815, 0.105595
3.690000, 0.489357, 0.105284
3.700000, 0.489899, 0.104975
3.710000, 0.490439, 0.104666
3.720000, 0.490978, 0.104357
3.730000, 0.491516, 0.104050
3.740000, 0.492052, 0.103743
3.750000, 0.492587, 0.103437
3.760000, 0.493121, 0.103132
3.770000, 0.493653, 0.102827
3.780000, 0.494185, 0.102524
3.790000, 0.494714, 0.102220
3.800000, 0.495243, 0.101918
3.810000, 0.495770, 0.101617
3.820000, 0.496296, 0.101316
3.830000, 0.496821, 0.101016
3.840000, 0.497344, 0.100716
3.850000, 0.497866, 0.100418
3.860000, 0.498387, 0.100120
3.870000, 0.498907, 0.099823
3.880000, 0.499425, 0.099526
3.890000, 0.499942, 0.099231
3.900000, 0.500457, 0.098936
3.910000, 0.500971, 0.098642
3.920000, 0.501484, 0.098348
3.930000, 0.501996, 0.098055
3.940000, 0.502506, 0.097763
3.950000, 0.503015, 0.097472
3.960000, 0.503523, 0.097182
3.970000, 0.504030, 0.096892
3.980000, 0.504535, 0.096603
3.990000, 0.505038, 0.096314
4.000000, 0.505541, 0.096027
4.010000, 0.506042, 0.095740
4.020000, 0.506542, 0.095454
4.030000, 0.507041, 0.095168
4.040000, 0.507538, 0.094883
4.050000, 0.508034, 0.094599
4.060000, 0.508529, 0.094316
4.070000, 0.509022, 0.094033
4.080000, 0.509514, 0.093752
4.090000, 0.510005, 0.093470
4.100000, 0.510494, 0.093190
4.110000, 0.510983, 0.092910
4.120000, 0.511470, 0.092631
4.130000, 0.511955, 0.092353
4.140000, 0.512439, 0.092075
4.150000, 0.512922, 0.091798
4.160000, 0.513404, 0.091522
4.170000, 0.513885, 0.091247
4.180000, 0.514364, 0.090972
4.190000, 0.514841, 0.090698
4.200000, 0.515318, 0.090425
4.210000, 0.515793, 0.090152
4.220000, 0.516267, 0.089880
4.230000, 0.516740, 0.089609
4.240000, 0.517211, 0.089338
4.250000, 0.517681, 0.089068
4.260000, 0.518150, 0.088799
4.270000, 0.518618, 0.088531
4.280000, 0.519084, 0.088263
4.290000, 0.519549, 0.087996
4.300000, 0.520013, 0.087730
4.310000, 0.520475, 0.087464
4.320000, 0.520936, 0.087199
4.330000, 0.521396, 0.086935
4.340000, 0.521855, 0.086671
4.350000, 0.522312, 0.086408
4.360000, 0.522768, 0.086146
4.370000, 0.523223, 0.085884
4.380000, 0.523676, 0.085624
4.390000, 0.524128, 0.085363
4.400000, 0.524579, 0.085104
4.410000, 0.525029, 0.084845
4.420000, 0.525478, 0.084587
4.430000, 0.525925, 0.084330
4.440000, 0.526371, 0.084073
4.450000, 0.526815, 0.083817
4.460000, 0.527259, 0.083562
4.470000, 0.527701, 0.083307
4.480000, 0.528142, 0.083053
4.490000, 0.528581, 0.082799
4.500000, 0.529020, 0.082547
4.510000, 0.529457, 0.082295
4.520000, 0.529893, 0.082043
4.530000, 0.530328, 0.081793
4.540000, 0.530761, 0.081543
4.550000, 0.531193, 0.081294
4.560000, 0.531624, 0.081045
4.570000, 0.532054, 0.080797
4.580000, 0.532482, 0.080550
4.590000, 0.532910, 0.080303
4.600000, 0.533336, 0.080057
4.610000, 0.533761, 0.079812
4.620000, 0.534184, 0.079567
4.630000, 0.534607, 0.079323
4.640000, 0.535028, 0.079080
4.650000, 0.535448, 0.078837
4.660000, 0.535866, 0.078595
4.670000, 0.536284, 0.078354
4.680000, 0.536700, 0.078113
4.690000, 0.537115, 0.077873
4.700000, 0.537529, 0.077633
4.710000, 0.537942, 0.077395
4.720000, 0.538353, 0.077157
4.730000, 0.538763, 0.076919
4.740000, 0.539172, 0.076682
4.750000, 0.539580, 0.076446
4.760000, 0.539987, 0.076211
4.770000, 0.540392, 0.075976
4.780000, 0.540797, 0.075741
4.790000, 0.541200, 0.075508
4.800000, 0.541602, 0.075275
4.810000, 0.542002, 0.075043
4.820000, 0.542402, 0.074811
4.830000, 0.542800, 0.074580
4.840000, 0.543197, 0.074350
4.850000, 0.543593, 0.074120
4.860000, 0.543988, 0.073891
4.870000, 0.544382, 0.073662
4.880000, 0.544774, 0.073434
4.890000, 0.545166, 0.073207
4.900000, 0.545556, 0.072981
4.910000, 0.545945, 0.072755
4.920000, 0.546333, 0.072529
4.930000, 0.546719, 0.072304
4.940000, 0.547105, 0.072080
4.950000, 0.547489, 0.071857
4.960000, 0.547873, 0.071634
4.970000, 0.548255, 0.071412
4.980000, 0.548636, 0.071190
4.990000, 0.549015, 0.070969
5.000000, 0.549394, 0.070749
5.010000, 0.549772, 0.070529
5.020000, 0.550148, 0.070310
5.030000, 0.550523, 0.070092
5.040000, 0.550898, 0.069874
5.050000, 0.551271, 0.069656
5.060000, 0.551642, 0.069440
5.070000, 0.552013, 0.069224
5.080000, 0.552383, 0.069008
5.090000, 0.552751, 0.068793
5.100000, 0.553119, 0.068579
5.110000, 0.553485, 0.068365
5.120000, 0.553850, 0.068152
5.130000, 0.554215, 0.067940
5.140000, 0.554578, 0.067728
5.150000, 0.554939, 0.067517
5.160000, 0.555300, 0.067306
5.170000, 0.555660, 0.067096
5.180000, 0.556019, 0.066887
5.190000, 0.556376, 0.066678
5.200000, 0.556733, 0.066469
5.210000, 0.557088, 0.066262
5.220000, 0.557442, 0.066055
5.230000, 0.557795, 0.065848
5.240000, 0.558147, 0.065642
5.250000, 0.558498, 0.065437
5.260000, 0.558848, 0.065232
5.270000, 0.559197, 0.065028
5.280000, 0.559545, 0.064825
5.290000, 0.559892, 0.064622
5.300000, 0.560238, 0.064419
5.310000, 0.560582, 0.064217
5.320000, 0.560926, 0.064016
5.330000, 0.561268, 0.063815
5.340000, 0.561610, 0.063615
5.350000, 0.561950, 0.063416
5.360000, 0.562290, 0.063217
5.370000, 0.562628, 0.063019
5.380000, 0.562965, 0.062821
5.390000, 0.563302, 0.062624
5.400000, 0.563637, 0.062427
5.410000, 0.563971, 0.062231
5.420000, 0.564304, 0.062035
5.430000, 0.564636, 0.061840
5.440000, 0.564967, 0.061646
5.450000, 0.565297, 0.061452
5.460000, 0.565626, 0.061259
5.470000, 0.565955, 0.061066
5.480000, 0.566282, 0.060874
5.490000, 0.566608, 0.060682
5.500000, 0.566933, 0.060491
5.510000, 0.567257, 0.060301
5.520000, 0.567580, 0.060111
5.530000, 0.567902, 0.059922
5.540000, 0.568223, 0.059733
5.550000, 0.568543, 0.059545
5.560000, 0.568862, 0.059357
5.570000, 0.569180, 0.059170
5.580000, 0.569497, 0.058983
5.590000, 0.569813, 0.058797
5.600000, 0.570128, 0.058611
5.610000, 0.570442, 0.058426
5.620000, 0.570755, 0.058242
5.630000, 0.571067, 0.058058
5.640000, 0.571378, 0.057875
5.650000, 0.571688, 0.057692
5.660000, 0.571997, 0.057510
5.670000, 0.572306, 0.057328
5.680000, 0.572613, 0.057147
5.690000, 0.572919, 0.056966
5.700000, 0.573224, 0.056786
5.710000, 0.573529, 0.056606
5.720000, 0.573832, 0.056427
5.730000, 0.574135, 0.056248
5.740000, 0.574436, 0.056070
5.750000, 0.574737, 0.055893
5.760000, 0.575037, 0.055716
5.770000, 0.575335, 0.055539
5.780000, 0.575633, 0.055363
5.790000, 0.575930, 0.055188
5.800000, 0.576226, 0.055013
5.810000, 0.576521, 0.054839
5.820000, 0.576815, 0.054665
5.830000, 0.577108, 0.054491
5.840000, 0.577400, 0.054318
5.850000, 0.577691, 0.054146
5.860000, 0.577982, 0.053974
5.870000, 0.578271, 0.053803
5.880000, 0.578560, 0.053632
5.890000, 0.578847, 0.053462
5.900000, 0.579134, 0.053292
5.910000, 0.579420, 0.053123
5.920000, 0.579705, 0.052954
5.930000, 0.579989, 0.052786
5.940000, 0.580272, 0.052618
5.950000, 0.580554, 0.052451
5.960000, 0.580836, 0.052284
5.970000, 0.581116, 0.052117
5.980000, 0.581396, 0.051952
5.990000, 0.581674, 0.051786
6.000000, 0.581952, 0.051622
6.010000, 0.582229, 0.051457
6.020000, 0.582505, 0.051293
6.030000, 0.582780, 0.051130
6.040000, 0.583054, 0.050967
6.050000, 0.583328, 0.050805
6.060000, 0.583600, 0.050643
6.070000, 0.583872, 0.050482
6.080000, 0.584143, 0.050321
6.090000, 0.584413, 0.050160
6.100000, 0.584682, 0.050000
6.110000, 0.584950, 0.049841
6.120000, 0.585218, 0.049682
6.130000, 0.585484, 0.049524
6.140000, 0.585750, 0.049366
6.150000, 0.586015, 0.049208
6.160000, 0.586279, 0.049051
6.170000, 0.586542, 0.048894
6.180000, 0.586804, 0.048738
6.190000, 0.587066, 0.048583
6.200000, 0.587326, 0.048427
6.210000, 0.587586, 0.048273
6.220000, 0.587845, 0.048118
6.230000, 0.588103, 0.047965
6.240000, 0.588361, 0.047811
6.250000, 0.588617, 0.047659
6.260000, 0.588873, 0.047506
6.270000, 0.589128, 0.047354
6.280000, 0.589382, 0.047203
6.290000, 0.589635, 0.047052
6.300000, 0.589888, 0.046901
6.310000, 0.590140, 0.046751
6.320000, 0.590390, 0.046602
6.330000, 0.590640, 0.046452
6.340000, 0.590890, 0.046304
6.350000, 0.591138, 0.046155
6.360000, 0.591386, 0.046008
6.370000, 0.591633, 0.045860
6.380000, 0.591879, 0.045713
6.390000, 0.592124, 0.045567
6.400000, 0.592369, 0.045421
6.410000, 0.592612, 0.045275
6.420000, 0.592855, 0.045130
6.430000, 0.593098, 0.044985
6.440000, 0.593339, 0.044841
6.450000, 0.593580, 0.044697
6.460000, 0.593819, 0.044554
6.470000, 0.594058, 0.044411
6.480000, 0.594297, 0.044269
6.490000, 0.594534, 0.044126
6.500000, 0.594771, 0.043985
6.510000, 0.595007, 0.043844
6.520000, 0.595242, 0.043703
6.530000, 0.595477, 0.043563
6.540000, 0.595711, 0.043423
6.550000, 0.595944, 0.043283
6.560000, 0.596176, 0.043144
6.570000, 0.596408, 0.043005
6.580000, 0.596638, 0.042867
6.590000, 0.596868, 0.042730
6.600000, 0.597098, 0.042592
6.610000, 0.597326, 0.042455
6.620000, 0.597554, 0.042319
6.630000, 0.597781, 0.042183
6.640000, 0.598007, 0.042047
6.650000, 0.598233, 0.041912
6.660000, 0.598458, 0.041777
6.670000, 0.598682, 0.041642
6.680000, 0.598906, 0.041508
6.690000, 0.599128, 0.041375
6.700000, 0.599350, 0.041242
6.710000, 0.599572, 0.041109
6.720000, 0.599792, 0.040977
6.730000, 0.600012, 0.040845
6.740000, 0.600231, 0.040713
6.750000, 0.600450, 0.040582
6.760000, 0.600667, 0.040451
6.770000, 0.600885, 0.040321
6.780000, 0.601101, 0.040191
6.790000, 0.601317, 0.040061
6.800000, 0.601531, 0.039932
6.810000, 0.601746, 0.039804
6.820000, 0.601959, 0.039675
6.830000, 0.602172, 0.039547
6.840000, 0.602384, 0.039420
6.850000, 0.602596, 0.039293
6.860000, 0.602807, 0.039166
6.870000, 0.603017, 0.039040
6.880000, 0.603226, 0.038914
6.890000, 0.603435, 0.038788
6.900000, 0.603643, 0.038663
6.910000, 0.603851, 0.038538
6.920000, 0.604057, 0.038414
6.930000, 0.604263, 0.038290
6.940000, 0.604469, 0.038166
6.950000, 0.604674, 0.038043
6.960000, 0.604878, 0.037920
6.970000, 0.605081, 0.037797
6.980000, 0.605284, 0.037675
6.990000, 0.605486, 0.037553
7.000000, 0.605688, 0.037432
7.010000, 0.605888, 0.037311
7.020000, 0.606089, 0.037191
7.030000, 0.606288, 0.037070
7.040000, 0.606487, 0.036951
7.050000, 0.606685, 0.036831
7.060000, 0.606883, 0.036712
7.070000, 0.607080, 0.036593
7.080000, 0.607276, 0.036475
7.090000, 0.607472, 0.036357
7.100000, 0.607667, 0.036239
7.110000, 0.607861, 0.036122
7.120000, 0.608055, 0.036005
7.130000, 0.608248, 0.035889
7.140000, 0.608441, 0.035772
7.150000, 0.608632, 0.035657
7.160000, 0.608824, 0.035541
7.170000, 0.609014, 0.035426
7.180000, 0.609204, 0.035311
7.190000, 0.609394, 0.035197
7.200000, 0.609583, 0.035083
7.210000, 0.609771, 0.034969
7.220000, 0.609958, 0.034856
7.230000, 0.610145, 0.034743
7.240000, 0.610332, 0.034631
7.250000, 0.610517, 0.034518
7.260000, 0.610703, 0.034407
7.270000, 0.610887, 0.034295
7.280000, 0.611071, 0.034184
7.290000, 0.611254, 0.034073
7.300000, 0.611437, 0.033963
7.310000, 0.611619, 0.033852
7.320000, 0.611801, 0.033743
7.330000, 0.611982, 0.033633
7.340000, 0.612162, 0.033524
7.350000, 0.612342, 0.033415
7.360000, 0.612521, 0.033307
7.370000, 0.612700, 0.033199
7.380000, 0.612878, 0.033091
7.390000, 0.613055, 0.032984
7.400000, 0.613232, 0.032877
7.410000, 0.613408, 0.032770
7.420000, 0.613584, 0.032664
7.430000, 0.613759, 0.032558
7.440000, 0.613934, 0.032452
7.450000, 0.614108, 0.032347
7.460000, 0.614281, 0.032241
7.470000, 0.614454, 0.032137
7.480000, 0.614627, 0.032032
7.490000, 0.614798, 0.031928
7.500000, 0.614970, 0.031825
7.510000, 0.615140, 0.031721
7.520000, 0.615310, 0.031618
7.530000, 0.615480, 0.031515
7.540000, 0.615649, 0.031413
7.550000, 0.615817, 0.031311
7.560000, 0.615985, 0.031209
7.570000, 0.616152, 0.031108
7.580000, 0.616319, 0.031006
7.590000, 0.616485, 0.030906
7.600000, 0.616651, 0.030805
7.610000, 0.616816, 0.030705
7.620000, 0.616981, 0.030605
7.630000, 0.617145, 0.030506
7.640000, 0.617309, 0.030406
7.650000, 0.617472, 0.030307
7.660000, 0.617634, 0.030209
7.670000, 0.617796, 0.030111
7.680000, 0.617957, 0.030013
7.690000, 0.618118, 0.029915
7.700000, 0.618279, 0.029818
7.710000, 0.618438, 0.029720
7.720000, 0.618598, 0.029624
7.730000, 0.618757, 0.029527
7.740000, 0.618915, 0.029431
7.750000, 0.619073, 0.029335
7.760000, 0.619230, 0.029240
7.770000, 0.619387, 0.029145
7.780000, 0.619543, 0.029050
7.790000, 0.619698, 0.028955
7.800000, 0.619854, 0.028861
7.810000, 0.620008, 0.028767
7.820000, 0.620163, 0.028673
7.830000, 0.620316, 0.028580
7.840000, 0.620469, 0.028486
7.850000, 0.620622, 0.028394
7.860000, 0.620774, 0.028301
7.870000, 0.620926, 0.028209
7.880000, 0.621077, 0.028117
7.890000, 0.621228, 0.028025
7.900000, 0.621378, 0.027934
7.910000, 0.621528, 0.027843
7.920000, 0.621677, 0.027752
7.930000, 0.621826, 0.027661
7.940000, 0.621974, 0.027571
7.950000, 0.622122, 0.027481
7.960000, 0.622269, 0.027392
7.970000, 0.622416, 0.027302
7.980000, 0.622562, 0.027213
7.990000, 0.622708, 0.027124
8.000000, 0.622853, 0.027036
8.010000, 0.622998, 0.026948
8.020000, 0.623142, 0.026860
8.030000, 0.623286, 0.026772
8.040000, 0.623430, 0.026685
8.050000, 0.623573, 0.026598
8.060000, 0.623715, 0.026511
8.070000, 0.623857, 0.026424
8.080000, 0.623999, 0.026338
8.090000, 0.624140, 0.026252
8.100000, 0.624281, 0.026166
8.110000, 0.624421, 0.026081
8.120000, 0.624561, 0.025996
8.130000, 0.624700, 0.025911
8.140000, 0.624839, 0.025826
8.150000, 0.624977, 0.025742
8.160000, 0.625115, 0.025658
8.170000, 0.625252, 0.025574
8.180000, 0.625389, 0.025490
8.190000, 0.625526, 0.025407
8.200000, 0.625662, 0.025324
8.210000, 0.625798, 0.025241
8.220000, 0.625933, 0.025159
8.230000, 0.626068, 0.025077
8.240000, 0.626202, 0.024995
8.250000, 0.626336, 0.024913
8.260000, 0.626469, 0.024832
8.270000, 0.626602, 0.024750
8.280000, 0.626735, 0.024669
8.290000, 0.626867, 0.024589
8.300000, 0.626999, 0.024508
8.310000, 0.627130, 0.024428
8.320000, 0.627261, 0.024348
8.330000, 0.627391, 0.024269
8.340000, 0.627521, 0.024189
8.350000, 0.627651, 0.024110
8.360000, 0.627780, 0.024031
8.370000, 0.627909, 0.023953
8.380000, 0.628037, 0.023874
8.390000, 0.628165, 0.023796
8.400000, 0.628292, 0.023718
8.410000, 0.628419, 0.023641
8.420000, 0.628546, 0.023563
8.430000, 0.628672, 0.023486
8.440000, 0.628798, 0.023409
8.450000, 0.628923, 0.023333
8.460000, 0.629048, 0.023256
8.470000, 0.629173, 0.023180
8.480000, 0.629297, 0.023104
8.490000, 0.629420, 0.023029
8.500000, 0.629544, 0.022953
8.510000, 0.629667, 0.022878
8.520000, 0.629789, 0.022803
8.530000, 0.629911, 0.022729
8.540000, 0.630033, 0.022654
8.550000, 0.630154, 0.022580
8.560000, 0.630275, 0.022506
8.570000, 0.630396, 0.022432
8.580000, 0.630516, 0.022359
8.590000, 0.630636, 0.022286
8.600000, 0.630755, 0.022213
8.610000, 0.630874, 0.022140
8.620000, 0.630992, 0.022067
8.630000, 0.631110, 0.021995
8.640000, 0.631228, 0.021923
8.650000, 0.631346, 0.021851
8.660000, 0.631463, 0.021779
8.670000, 0.631579, 0.021708
8.680000, 0.631695, 0.021637
8.690000, 0.631811, 0.021566
8.700000, 0.631927, 0.021495
8.710000, 0.632042, 0.021425
8.720000, 0.632156, 0.021355
8.730000, 0.632271, 0.021285
8.740000, 0.632385, 0.021215
8.750000, 0.632498, 0.021145
8.760000, 0.632611, 0.021076
8.770000, 0.632724, 0.021007
8.780000, 0.632837, 0.020938
8.790000, 0.632949, 0.020869
8.800000, 0.633060, 0.020801
8.810000, 0.633172, 0.020733
8.820000, 0.633283, 0.020665
8.830000, 0.633393, 0.020597
8.840000, 0.633504, 0.020529
8.850000, 0.633613, 0.020462
8.860000, 0.633723, 0.020395
8.870000, 0.633832, 0.020328
8.880000, 0.633941, 0.020261
8.890000, 0.634049, 0.020195
8.900000, 0.634157, 0.020128
8.910000, 0.634265, 0.020062
8.920000, 0.634373, 0.019996
8.930000, 0.634480, 0.019931
8.940000, 0.634586, 0.019865
8.950000, 0.634692, 0.019800
8.960000, 0.634798, 0.019735
8.970000, 0.634904, 0.019670
8.980000, 0.635009, 0.019606
8.990000, 0.635114, 0.019541
9.000000, 0.635219, 0.019477
9.010000, 0.635323, 0.019413
9.020000, 0.635427, 0.019350
9.030000, 0.635530, 0.019286
9.040000, 0.635634, 0.019223
9.050000, 0.635736, 0.019160
9.060000, 0.635839, 0.019097
9.070000, 0.635941, 0.019034
9.080000, 0.636043, 0.018971
9.090000, 0.636145, 0.018909
9.100000, 0.636246, 0.018847
9.110000, 0.636347, 0.018785
9.120000, 0.636447, 0.018723
9.130000, 0.636547, 0.018662
9.140000, 0.636647, 0.018601
9.150000, 0.636747, 0.018539
9.160000, 0.636846, 0.018479
9.170000, 0.636945, 0.018418
9.180000, 0.637043, 0.018357
9.190000, 0.637141, 0.018297
9.200000, 0.637239, 0.018237
9.210000, 0.637337, 0.018177
9.220000, 0.637434, 0.018117
9.230000, 0.637531, 0.018058
9.240000, 0.637628, 0.017998
9.250000, 0.637724, 0.017939
9.260000, 0.637820, 0.017880
9.270000, 0.637915, 0.017821
9.280000, 0.638011, 0.017763
9.290000, 0.638106, 0.017704
9.300000, 0.638200, 0.017646
9.310000, 0.638295, 0.017588
9.320000, 0.638389, 0.017530
9.330000, 0.638483, 0.017473
9.340000, 0.638576, 0.017415
9.350000, 0.638669, 0.017358
9.360000, 0.638762, 0.017301
9.370000, 0.638855, 0.017244
9.380000, 0.638947, 0.017187
9.390000, 0.639039, 0.017131
9.400000, 0.639130, 0.017074
9.410000, 0.639222, 0.017018
9.420000, 0.639313, 0.016962
9.430000, 0.639404, 0.016906
9.440000, 0.639494, 0.016851
9.450000, 0.639584, 0.016795
9.460000, 0.639674, 0.016740
9.470000, 0.639763, 0.016685
9.480000, 0.639853, 0.016630
9.490000, 0.639942, 0.016575
9.500000, 0.640030, 0.016521
9.510000, 0.640119, 0.016466
9.520000, 0.640207, 0.016412
9.530000, 0.640294, 0.016358
9.540000, 0.640382, 0.016304
9.550000, 0.640469, 0.016251
9.560000, 0.640556, 0.016197
9.570000, 0.640643, 0.016144
9.580000, 0.640729, 0.016091
9.590000, 0.640815, 0.016038
9.600000, 0.640901, 0.015985
9.610000, 0.640986, 0.015932
9.620000, 0.641071, 0.015880
9.630000, 0.641156, 0.015828
9.640000, 0.641241, 0.015775
9.650000, 0.641325, 0.015724
9.660000, 0.641409, 0.015672
9.670000, 0.641493, 0.015620
9.680000, 0.641577, 0.015569
9.690000, 0.641660, 0.015517
9.700000, 0.641743, 0.015466
9.710000, 0.641825, 0.015415
9.720000, 0.641908, 0.015365
9.730000, 0.641990, 0.015314
9.740000, 0.642072, 0.015264
9.750000, 0.642154, 0.015213
9.760000, 0.642235, 0.015163
9.770000, 0.642316, 0.015113
9.780000, 0.642397, 0.015063
9.790000, 0.642477, 0.015014
9.800000, 0.642558, 0.014964
9.810000, 0.642637, 0.014915
9.820000, 0.642717, 0.014866
9.830000, 0.642797, 0.014817
9.840000, 0.642876, 0.014768
9.850000, 0.642955, 0.014719
9.860000, 0.643034, 0.014671
9.870000, 0.643112, 0.014623
9.880000, 0.643190, 0.014574
9.890000, 0.643268, 0.014526
9.900000, 0.643346, 0.014478
9.910000, 0.643423, 0.014431
9.920000, 0.643500, 0.014383
9.930000, 0.643577, 0.014336
9.940000, 0.643654, 0.014289
9.950000, 0.643730, 0.014241
9.960000, 0.643806, 0.014194
9.970000, 0.643882, 0.014148
9.980000, 0.643958, 0.014101
9.990000, 0.644033, 0.014055
10.000000, 0.644108, 0.014008
