0.000000, 0.400000, 0.400000
0.000000, 0.400096, 0.400024
0.010000, 0.409773, 0.402456
0.020000, 0.419603, 0.404951
0.030000, 0.429585, 0.407512
0.040000, 0.439717, 0.410140
0.050000, 0.449998, 0.412836
0.060000, 0.460427, 0.415601
0.070000, 0.471002, 0.418438
0.080000, 0.481722, 0.421348
0.090000, 0.492584, 0.424332
0.100000, 0.503586, 0.427392
0.110000, 0.514727, 0.430529
0.120000, 0.526005, 0.433745
0.130000, 0.537417, 0.437041
0.140000, 0.548960, 0.440420
0.150000, 0.560633, 0.443882
0.160000, 0.572433, 0.447430
0.170000, 0.584358, 0.451064
0.180000, 0.596404, 0.454786
0.190000, 0.608569, 0.458599
0.200000, 0.620850, 0.462503
0.210000, 0.633245, 0.466500
0.220000, 0.645751, 0.470591
0.230000, 0.658364, 0.474779
0.240000, 0.671083, 0.479065
0.250000, 0.683904, 0.483449
0.260000, 0.696824, 0.487935
0.270000, 0.709841, 0.492523
0.280000, 0.722953, 0.497215
0.290000, 0.736155, 0.502012
0.300000, 0.749446, 0.506916
0.310000, 0.762824, 0.511928
0.320000, 0.776284, 0.517050
0.330000, 0.789826, 0.522283
0.340000, 0.803447, 0.527629
0.350000, 0.817145, 0.533088
0.360000, 0.830917, 0.538663
0.370000, 0.844762, 0.544355
0.380000, 0.858677, 0.550164
0.390000, 0.872661, 0.556093
0.400000, 0.886712, 0.562142
0.410000, 0.900829, 0.568313
0.420000, 0.915011, 0.574607
0.430000, 0.929256, 0.581025
0.440000, 0.943563, 0.587568
0.450000, 0.957931, 0.594237
0.460000, 0.972361, 0.601034
0.470000, 0.986850, 0.607959
0.480000, 1.001399, 0.615014
0.490000, 1.016007, 0.622199
0.500000, 1.030675, 0.629516
0.510000, 1.045402, 0.636964
0.520000, 1.060189, 0.644546
0.530000, 1.075036, 0.652261
0.540000, 1.089944, 0.660111
0.550000, 1.104914, 0.668097
0.560000, 1.119946, 0.676219
0.570000, 1.135041, 0.684477
0.580000, 1.150201, 0.692873
0.590000, 1.165427, 0.701407
0.600000, 1.180720, 0.710079
0.610000, 1.196082, 0.718890
0.620000, 1.211514, 0.727841
0.630000, 1.227019, 0.736932
0.640000, 1.242599, 0.746164
0.650000, 1.258255, 0.755536
0.660000, 1.273989, 0.765049
0.670000, 1.289804, 0.774704
0.680000, 1.305703, 0.784501
0.690000, 1.321687, 0.794439
0.700000, 1.337759, 0.804520
0.710000, 1.353922, 0.814744
0.720000, 1.370178, 0.825109
0.730000, 1.386529, 0.835618
0.740000, 1.402979, 0.846269
0.750000, 1.419531, 0.857063
0.760000, 1.436187, 0.868001
0.770000, 1.452949, 0.879081
0.780000, 1.469822, 0.890304
0.790000, 1.486807, 0.901671
0.800000, 1.503907, 0.913180
0.810000, 1.521126, 0.924832
0.820000, 1.538465, 0.936628
0.830000, 1.555929, 0.948566
0.840000, 1.573519, 0.960647
0.850000, 1.591239, 0.972871
0.860000, 1.609092, 0.985237
0.870000, 1.627079, 0.997746
0.880000, 1.645204, 1.010397
0.890000, 1.663469, 1.023191
0.900000, 1.681878, 1.036126
0.910000, 1.700432, 1.049204
0.920000, 1.719135, 1.062423
0.930000, 1.737987, 1.075784
0.940000, 1.756993, 1.089287
0.950000, 1.776154, 1.102931
0.960000, 1.795473, 1.116715
0.970000, 1.814952, 1.130641
0.980000, 1.834592, 1.144708
0.990000, 1.854396, 1.158916
1.000000, 1.874367, 1.173264
1.010000, 1.894505, 1.187752
1.020000, 1.914813, 1.202380
1.030000, 1.935293, 1.217148
1.040000, 1.955945, 1.232056
1.050000, 1.976773, 1.247103
1.060000, 1.997776, 1.262290
1.070000, 2.018958, 1.277616
1.080000, 2.040318, 1.293081
1.090000, 2.061859, 1.308685
1.100000, 2.083581, 1.324427
1.110000, 2.105486, 1.340307
1.120000, 2.127575, 1.356326
1.130000, 2.149848, 1.372483
1.140000, 2.172306, 1.388777
1.150000, 2.194951, 1.405209
1.160000, 2.217783, 1.421777
1.170000, 2.240803, 1.438483
1.180000, 2.264010, 1.455326
1.190000, 2.287407, 1.472305
1.200000, 2.310992, 1.489420
1.210000, 2.334767, 1.506671
1.220000, 2.358731, 1.524058
1.230000, 2.382885, 1.541579
1.240000, 2.407228, 1.559236
1.250000, 2.431762, 1.577027
1.260000, 2.456485, 1.594952
1.270000, 2.481398, 1.613011
1.280000, 2.506501, 1.631204
1.290000, 2.531793, 1.649529
1.300000, 2.557273, 1.667987
1.310000, 2.582943, 1.686576
1.320000, 2.608800, 1.705297
1.330000, 2.634845, 1.724150
1.340000, 2.661076, 1.743132
1.350000, 2.687495, 1.762244
1.360000, 2.714098, 1.781486
1.370000, 2.740887, 1.800856
1.380000, 2.767859, 1.820354
1.390000, 2.795015, 1.839980
1.400000, 2.822353, 1.859732
1.410000, 2.849872, 1.879610
1.420000, 2.877571, 1.899612
1.430000, 2.905449, 1.919740
1.440000, 2.933505, 1.939990
1.450000, 2.961738, 1.960363
1.460000, 2.990146, 1.980858
1.470000, 3.018727, 2.001473
1.480000, 3.047482, 2.022208
1.490000, 3.076407, 2.043062
1.500000, 3.105502, 2.064033
1.510000, 3.134765, 2.085121
1.520000, 3.164195, 2.106325
1.530000, 3.193789, 2.127643
1.540000, 3.223546, 2.149074
1.550000, 3.253465, 2.170617
1.560000, 3.283543, 2.192271
1.570000, 3.313778, 2.214035
1.580000, 3.344170, 2.235906
1.590000, 3.374715, 2.257885
1.600000, 3.405411, 2.279968
1.610000, 3.436258, 2.302156
1.620000, 3.467252, 2.324447
1.630000, 3.498391, 2.346838
1.640000, 3.529673, 2.369329
1.650000, 3.561097, 2.391918
1.660000, 3.592659, 2.414604
1.670000, 3.624357, 2.437384
1.680000, 3.656189, 2.460258
1.690000, 3.688153, 2.483222
1.700000, 3.720245, 2.506277
1.710000, 3.752464, 2.529420
1.720000, 3.784807, 2.552648
1.730000, 3.817271, 2.575962
1.740000, 3.849854, 2.599357
1.750000, 3.882552, 2.622834
1.760000, 3.915364, 2.646389
1.770000, 3.948286, 2.670021
1.780000, 3.981316, 2.693727
1.790000, 4.014451, 2.717507
1.800000, 4.047687, 2.741357
1.810000, 4.081022, 2.765277
1.820000, 4.114454, 2.789262
1.830000, 4.147978, 2.813313
1.840000, 4.181592, 2.837426
1.850000, 4.215294, 2.861599
1.860000, 4.249079, 2.885831
1.870000, 4.282945, 2.910118
1.880000, 4.316888, 2.934460
1.890000, 4.350906, 2.958852
1.900000, 4.384995, 2.983295
1.910000, 4.419151, 3.007784
1.920000, 4.453373, 3.032317
1.930000, 4.487656, 3.056893
1.940000, 4.521997, 3.081510
1.950000, 4.556393, 3.106163
1.960000, 4.590840, 3.130853
1.970000, 4.625336, 3.155575
1.980000, 4.659876, 3.180328
1.990000, 4.694457, 3.205109
2.000000, 4.729076, 3.229915
2.010000, 4.763730, 3.254745
2.020000, 4.798415, 3.279596
2.030000, 4.833127, 3.304466
2.040000, 4.867864, 3.329351
2.050000, 4.902621, 3.354250
2.060000, 4.937395, 3.379160
2.070000, 4.972183, 3.404079
2.080000, 5.006981, 3.429004
2.090000, 5.041786, 3.453932
2.100000, 5.076594, 3.478862
2.110000, 5.111402, 3.503791
2.120000, 5.146206, 3.528716
2.130000, 5.181003, 3.553634
2.140000, 5.215789, 3.578544
2.150000, 5.250561, 3.603443
2.160000, 5.285315, 3.628328
2.170000, 5.320048, 3.653197
2.180000, 5.354756, 3.678048
2.190000, 5.389436, 3.702877
2.200000, 5.424085, 3.727683
2.210000, 5.458699, 3.752464
2.220000, 5.493274, 3.777216
2.230000, 5.527808, 3.801937
2.240000, 5.562297, 3.826626
2.250000, 5.596737, 3.851279
2.260000, 5.631125, 3.875894
2.270000, 5.665458, 3.900469
2.280000, 5.699733, 3.925001
2.290000, 5.733946, 3.949489
2.300000, 5.768095, 3.973929
2.310000, 5.802175, 3.998320
2.320000, 5.836184, 4.022660
2.330000, 5.870118, 4.046945
2.340000, 5.903975, 4.071174
2.350000, 5.937750, 4.095345
2.360000, 5.971443, 4.119455
2.370000, 6.005048, 4.143503
2.380000, 6.038563, 4.167486
2.390000, 6.071986, 4.191402
2.400000, 6.105312, 4.215248
2.410000, 6.138540, 4.239024
2.420000, 6.171667, 4.262726
2.430000, 6.204689, 4.286353
2.440000, 6.237604, 4.309903
2.450000, 6.270409, 4.333374
2.460000, 6.303101, 4.356764
2.470000, 6.335678, 4.380071
2.480000, 6.368137, 4.403293
2.490000, 6.400476, 4.426429
2.500000, 6.432691, 4.449476
2.510000, 6.464781, 4.472433
2.520000, 6.496743, 4.495298
2.530000, 6.528575, 4.518069
2.540000, 6.560273, 4.540745
2.550000, 6.591837, 4.563323
2.560000, 6.623263, 4.585804
2.570000, 6.654550, 4.608184
2.580000, 6.685695, 4.630462
2.590000, 6.716696, 4.652637
2.600000, 6.747551, 4.674707
2.610000, 6.778258, 4.696671
2.620000, 6.808815, 4.718528
2.630000, 6.839221, 4.740276
2.640000, 6.869472, 4.761913
2.650000, 6.899568, 4.783439
2.660000, 6.929506, 4.804852
2.670000, 6.959286, 4.826151
2.680000, 6.988904, 4.847334
2.690000, 7.018360, 4.868401
2.700000, 7.047652, 4.889351
2.710000, 7.076779, 4.910182
2.720000, 7.105739, 4.930893
2.730000, 7.134530, 4.951484
2.740000, 7.163151, 4.971953
2.750000, 7.191601, 4.992299
2.760000, 7.219878, 5.012521
2.770000, 7.247982, 5.032620
2.780000, 7.275911, 5.052593
2.790000, 7.303664, 5.072440
2.800000, 7.331240, 5.092160
2.810000, 7.358638, 5.111752
2.820000, 7.385857, 5.131217
2.830000, 7.412895, 5.150552
2.840000, 7.439753, 5.169758
2.850000, 7.466429, 5.188833
2.860000, 7.492923, 5.207778
2.870000, 7.519233, 5.226592
2.880000, 7.545359, 5.245274
2.890000, 7.571300, 5.263824
2.900000, 7.597056, 5.282241
2.910000, 7.622627, 5.300525
2.920000, 7.648011, 5.318676
2.930000, 7.673208, 5.336692
2.940000, 7.698218, 5.354575
2.950000, 7.723040, 5.372324
2.960000, 7.747674, 5.389938
2.970000, 7.772120, 5.407417
2.980000, 7.796378, 5.424762
2.990000, 7.820446, 5.441971
3.000000, 7.844326, 5.459045
3.010000, 7.868017, 5.475984
3.020000, 7.891518, 5.492788
3.030000, 7.914830, 5.509456
3.040000, 7.937953, 5.525988
3.050000, 7.960887, 5.542385
3.060000, 7.983632, 5.558647
3.070000, 8.006187, 5.574774
3.080000, 8.028554, 5.590765
3.090000, 8.050732, 5.606622
3.100000, 8.072721, 5.622343
3.110000, 8.094522, 5.637930
3.120000, 8.116134, 5.653382
3.130000, 8.137559, 5.668699
3.140000, 8.158797, 5.683883
3.150000, 8.179847, 5.698933
3.160000, 8.200711, 5.713849
3.170000, 8.221388, 5.728632
3.180000, 8.241879, 5.743282
3.190000, 8.262185, 5.757799
3.200000, 8.282307, 5.772184
3.210000, 8.302244, 5.786438
3.220000, 8.321997, 5.800559
3.230000, 8.341567, 5.814550
3.240000, 8.360954, 5.828411
3.250000, 8.380160, 5.842141
3.260000, 8.399184, 5.855741
3.270000, 8.418027, 5.869213
3.280000, 8.436691, 5.882555
3.290000, 8.455176, 5.895770
3.300000, 8.473482, 5.908857
3.310000, 8.491611, 5.921817
3.320000, 8.509562, 5.934650
3.330000, 8.527338, 5.947358
3.340000, 8.544939, 5.959940
3.350000, 8.562365, 5.972398
3.360000, 8.579618, 5.984731
3.370000, 8.596698, 5.996942
3.380000, 8.613606, 6.009029
3.390000, 8.630344, 6.020994
3.400000, 8.646912, 6.032838
3.410000, 8.663311, 6.044561
3.420000, 8.679542, 6.056164
3.430000, 8.695606, 6.067648
3.440000, 8.711504, 6.079013
3.450000, 8.727237, 6.090259
3.460000, 8.742807, 6.101389
3.470000, 8.758213, 6.112402
3.480000, 8.773457, 6.123300
3.490000, 8.788541, 6.134082
3.500000, 8.803464, 6.144750
3.510000, 8.818229, 6.155305
3.520000, 8.832836, 6.165747
3.530000, 8.847287, 6.176076
3.540000, 8.861582, 6.186295
3.550000, 8.875723, 6.196403
3.560000, 8.889710, 6.206402
3.570000, 8.903546, 6.216292
3.580000, 8.917230, 6.226074
3.590000, 8.930764, 6.235748
3.600000, 8.944149, 6.245316
3.610000, 8.957387, 6.254779
3.620000, 8.970478, 6.264137
3.630000, 8.983423, 6.273390
3.640000, 8.996225, 6.282541
3.650000, 9.008883, 6.291589
3.660000, 9.021399, 6.300536
3.670000, 9.033774, 6.309382
3.680000, 9.046010, 6.318128
3.690000, 9.058107, 6.326775
3.700000, 9.070066, 6.335324
3.710000, 9.081890, 6.343775
3.720000, 9.093578, 6.352130
3.730000, 9.105132, 6.360389
3.740000, 9.116554, 6.368554
3.750000, 9.127844, 6.376624
3.760000, 9.139003, 6.384600
3.770000, 9.150033, 6.392485
3.780000, 9.160935, 6.400278
3.790000, 9.171711, 6.407980
3.800000, 9.182360, 6.415592
3.810000, 9.192884, 6.423114
3.820000, 9.203285, 6.430549
3.830000, 9.213564, 6.437896
3.840000, 9.223721, 6.445156
3.850000, 9.233758, 6.452331
3.860000, 9.243677, 6.459420
3.870000, 9.253477, 6.466425
3.880000, 9.263161, 6.473347
3.890000, 9.272729, 6.480186
3.900000, 9.282182, 6.486943
3.910000, 9.291522, 6.493620
3.920000, 9.300750, 6.500216
3.930000, 9.309867, 6.506732
3.940000, 9.318874, 6.513170
3.950000, 9.327772, 6.519530
3.960000, 9.336562, 6.525813
3.970000, 9.345245, 6.532019
3.980000, 9.353822, 6.538150
3.990000, 9.362295, 6.544207
4.000000, 9.370665, 6.550189
4.010000, 9.378932, 6.556098
4.020000, 9.387097, 6.561934
4.030000, 9.395163, 6.567699
4.040000, 9.403129, 6.573393
4.050000, 9.410996, 6.579017
4.060000, 9.418767, 6.584571
4.070000, 9.426441, 6.590056
4.080000, 9.434020, 6.595474
4.090000, 9.441505, 6.600824
4.100000, 9.448897, 6.606107
4.110000, 9.456197, 6.611325
4.120000, 9.463406, 6.616477
4.130000, 9.470524, 6.621565
4.140000, 9.477554, 6.626590
4.150000, 9.484495, 6.631551
4.160000, 9.491349, 6.636450
4.170000, 9.498117, 6.641287
4.180000, 9.504799, 6.646063
4.190000, 9.511397, 6.650780
4.200000, 9.517912, 6.655436
4.210000, 9.524344, 6.660034
4.220000, 9.530695, 6.664573
4.230000, 9.536965, 6.669054
4.240000, 9.543156, 6.673479
4.250000, 9.549267, 6.677847
4.260000, 9.555301, 6.682160
4.270000, 9.561258, 6.686418
4.280000, 9.567138, 6.690621
4.290000, 9.572944, 6.694770
4.300000, 9.578675, 6.698866
4.310000, 9.584332, 6.702910
4.320000, 9.589917, 6.706902
4.330000, 9.595430, 6.710842
4.340000, 9.600872, 6.714732
4.350000, 9.606244, 6.718571
4.360000, 9.611546, 6.722361
4.370000, 9.616780, 6.726102
4.380000, 9.621946, 6.729795
4.390000, 9.627046, 6.733439
4.400000, 9.632079, 6.737037
4.410000, 9.637047, 6.740588
4.420000, 9.641950, 6.744092
4.430000, 9.646790, 6.747551
4.440000, 9.651566, 6.750965
4.450000, 9.656281, 6.754335
4.460000, 9.660933, 6.757660
4.470000, 9.665525, 6.760943
4.480000, 9.670057, 6.764182
4.490000, 9.674530, 6.767378
4.500000, 9.678944, 6.770533
4.510000, 9.683300, 6.773647
4.520000, 9.687599, 6.776720
4.530000, 9.691842, 6.779752
4.540000, 9.696028, 6.782744
4.550000, 9.700160, 6.785697
4.560000, 9.704237, 6.788612
4.570000, 9.708261, 6.791487
4.580000, 9.712231, 6.794325
4.590000, 9.716149, 6.797125
4.600000, 9.720015, 6.799889
4.610000, 9.723830, 6.802615
4.620000, 9.727595, 6.805306
4.630000, 9.731310, 6.807961
4.640000, 9.734975, 6.810581
4.650000, 9.738592, 6.813166
4.660000, 9.742160, 6.815717
4.670000, 9.745682, 6.818233
4.680000, 9.749156, 6.820717
4.690000, 9.752584, 6.823167
4.700000, 9.755967, 6.825584
4.710000, 9.759304, 6.827970
4.720000, 9.762597, 6.830323
4.730000, 9.765846, 6.832646
4.740000, 9.769052, 6.834937
4.750000, 9.772215, 6.837197
4.760000, 9.775335, 6.839427
4.770000, 9.778414, 6.841628
4.780000, 9.781451, 6.843799
4.790000, 9.784448, 6.845941
4.800000, 9.787404, 6.848054
4.810000, 9.790321, 6.850139
4.820000, 9.793199, 6.852195
4.830000, 9.796038, 6.854225
4.840000, 9.798839, 6.856226
4.850000, 9.801602, 6.858201
4.860000, 9.804328, 6.860150
4.870000, 9.807017, 6.862072
4.880000, 9.809671, 6.863968
4.890000, 9.812288, 6.865839
4.900000, 9.814870, 6.867684
4.910000, 9.817417, 6.869505
4.920000, 9.819930, 6.871301
4.930000, 9.822409, 6.873072
4.940000, 9.824854, 6.874820
4.950000, 9.827266, 6.876544
4.960000, 9.829646, 6.878245
4.970000, 9.831993, 6.879923
4.980000, 9.834309, 6.881578
4.990000, 9.836593, 6.883210
5.000000, 9.838846, 6.884821
5.010000, 9.841069, 6.886409
5.020000, 9.843261, 6.887976
5.030000, 9.845424, 6.889522
5.040000, 9.847558, 6.891047
5.050000, 9.849662, 6.892551
5.060000, 9.851738, 6.894035
5.070000, 9.853785, 6.895498
5.080000, 9.855805, 6.896942
5.090000, 9.857797, 6.898365
5.100000, 9.859762, 6.899770
5.110000, 9.861701, 6.901155
5.120000, 9.863613, 6.902522
5.130000, 9.865498, 6.903870
5.140000, 9.867358, 6.905199
5.150000, 9.869193, 6.906510
5.160000, 9.871003, 6.907804
5.170000, 9.872788, 6.909080
5.180000, 9.874548, 6.910338
5.190000, 9.876285, 6.911579
5.200000, 9.877998, 6.912803
5.210000, 9.879687, 6.914011
5.220000, 9.881353, 6.915202
5.230000, 9.882997, 6.916376
5.240000, 9.884618, 6.917535
5.250000, 9.886217, 6.918677
5.260000, 9.887794, 6.919804
5.270000, 9.889349, 6.920916
5.280000, 9.890883, 6.922012
5.290000, 9.892396, 6.923094
5.300000, 9.893888, 6.924160
5.310000, 9.895360, 6.925212
5.320000, 9.896811, 6.926250
5.330000, 9.898243, 6.927273
5.340000, 9.899655, 6.928282
5.350000, 9.901047, 6.929277
5.360000, 9.902421, 6.930259
5.370000, 9.903775, 6.931227
5.380000, 9.905111, 6.932182
5.390000, 9.906429, 6.933123
5.400000, 9.907728, 6.934052
5.410000, 9.909010, 6.934968
5.420000, 9.910274, 6.935871
5.430000, 9.911520, 6.936762
5.440000, 9.912749, 6.937641
5.450000, 9.913962, 6.938507
5.460000, 9.915158, 6.939362
5.470000, 9.916337, 6.940205
5.480000, 9.917500, 6.941036
5.490000, 9.918647, 6.941856
5.500000, 9.919778, 6.942664
5.510000, 9.920893, 6.943462
5.520000, 9.921994, 6.944248
5.530000, 9.923079, 6.945023
5.540000, 9.924149, 6.945788
5.550000, 9.925204, 6.946542
5.560000, 9.926244, 6.947286
5.570000, 9.927271, 6.948019
5.580000, 9.928283, 6.948743
5.590000, 9.929281, 6.949456
5.600000, 9.930265, 6.950160
5.610000, 9.931236, 6.950854
5.620000, 9.932193, 6.951538
5.630000, 9.933137, 6.952213
5.640000, 9.934068, 6.952878
5.650000, 9.934987, 6.953534
5.660000, 9.935892, 6.954181
5.670000, 9.936785, 6.954819
5.680000, 9.937666, 6.955449
5.690000, 9.938534, 6.956069
5.700000, 9.939390, 6.956681
5.710000, 9.940235, 6.957285
5.720000, 9.941068, 6.957880
5.730000, 9.941889, 6.958467
5.740000, 9.942699, 6.959046
5.750000, 9.943497, 6.959617
5.760000, 9.944285, 6.960180
5.770000, 9.945062, 6.960735
5.780000, 9.945827, 6.961282
5.790000, 9.946583, 6.961822
5.800000, 9.947328, 6.962354
5.810000, 9.948062, 6.962879
5.820000, 9.948786, 6.963397
5.830000, 9.949501, 6.963907
5.840000, 9.950205, 6.964411
5.850000, 9.950899, 6.964907
5.860000, 9.951584, 6.965397
5.870000, 9.952260, 6.965880
5.880000, 9.952926, 6.966356
5.890000, 9.953583, 6.966825
5.900000, 9.954230, 6.967288
5.910000, 9.954869, 6.967744
5.920000, 9.955499, 6.968194
5.930000, 9.956120, 6.968638
5.940000, 9.956732, 6.969076
5.950000, 9.957336, 6.969508
5.960000, 9.957932, 6.969933
5.970000, 9.958519, 6.970353
5.980000, 9.959098, 6.970767
5.990000, 9.959669, 6.971175
6.000000, 9.960232, 6.971577
6.010000, 9.960787, 6.971974
6.020000, 9.961335, 6.972366
6.030000, 9.961875, 6.972751
6.040000, 9.962407, 6.973132
6.050000, 9.962932, 6.973507
6.060000, 9.963450, 6.973877
6.070000, 9.963960, 6.974242
6.080000, 9.964464, 6.974602
6.090000, 9.964960, 6.974957
6.100000, 9.965450, 6.975306
6.110000, 9.965932, 6.975651
6.120000, 9.966408, 6.975992
6.130000, 9.966877, 6.976327
6.140000, 9.967340, 6.976658
6.150000, 9.967797, 6.976984
6.160000, 9.968247, 6.977305
6.170000, 9.968690, 6.977623
6.180000, 9.969128, 6.977935
6.190000, 9.969559, 6.978244
6.200000, 9.969985, 6.978548
6.210000, 9.970404, 6.978848
6.220000, 9.970818, 6.979143
6.230000, 9.971226, 6.979435
6.240000, 9.971628, 6.979722
6.250000, 9.972024, 6.980006
6.260000, 9.972416, 6.980285
6.270000, 9.972801, 6.980561
6.280000, 9.973181, 6.980832
6.290000, 9.973556, 6.981100
6.300000, 9.973926, 6.981365
6.310000, 9.974291, 6.981625
6.320000, 9.974650, 6.981882
6.330000, 9.975005, 6.982135
6.340000, 9.975354, 6.982385
6.350000, 9.975699, 6.982632
6.360000, 9.976038, 6.982874
6.370000, 9.976374, 6.983114
6.380000, 9.976704, 6.983350
6.390000, 9.977030, 6.983583
6.400000, 9.977351, 6.983813
6.410000, 9.977668, 6.984039
6.420000, 9.977980, 6.984262
6.430000, 9.978288, 6.984482
6.440000, 9.978592, 6.984699
6.450000, 9.978891, 6.984913
6.460000, 9.979187, 6.985124
6.470000, 9.979478, 6.985333
6.480000, 9.979765, 6.985538
6.490000, 9.980048, 6.985740
6.500000, 9.980327, 6.985940
6.510000, 9.980602, 6.986136
6.520000, 9.980874, 6.986330
6.530000, 9.981141, 6.986521
6.540000, 9.981405, 6.986710
6.550000, 9.981665, 6.986896
6.560000, 9.981922, 6.987079
6.570000, 9.982175, 6.987260
6.580000, 9.982424, 6.987438
6.590000, 9.982670, 6.987614
6.600000, 9.982913, 6.987788
6.610000, 9.983152, 6.987958
6.620000, 9.983388, 6.988127
6.630000, 9.983620, 6.988293
6.640000, 9.983849, 6.988457
6.650000, 9.984075, 6.988619
6.660000, 9.984298, 6.988778
6.670000, 9.984518, 6.988935
6.680000, 9.984735, 6.989090
6.690000, 9.984948, 6.989242
6.700000, 9.985159, 6.989393
6.710000, 9.985367, 6.989542
6.720000, 9.985572, 6.989688
6.730000, 9.985774, 6.989832
6.740000, 9.985973, 6.989975
6.750000, 9.986169, 6.990115
6.760000, 9.986363, 6.990253
6.770000, 9.986554, 6.990390
6.780000, 9.986742, 6.990524
6.790000, 9.986927, 6.990657
6.800000, 9.987110, 6.990788
6.810000, 9.987291, 6.990917
6.820000, 9.987469, 6.991044
6.830000, 9.987644, 6.991169
6.840000, 9.987817, 6.991293
6.850000, 9.987988, 6.991415
6.860000, 9.988156, 6.991535
6.870000, 9.988322, 6.991654
6.880000, 9.988485, 6.991770
6.890000, 9.988647, 6.991886
6.900000, 9.988806, 6.991999
6.910000, 9.988962, 6.992111
6.920000, 9.989117, 6.992222
6.930000, 9.989269, 6.992331
6.940000, 9.989420, 6.992438
6.950000, 9.989568, 6.992544
6.960000, 9.989714, 6.992648
6.970000, 9.989858, 6.992751
6.980000, 9.990000, 6.992853
6.990000, 9.990140, 6.992953
7.000000, 9.990278, 6.993052
7.010000, 9.990414, 6.993149
7.020000, 9.990548, 6.993245
7.030000, 9.990681, 6.993339
7.040000, 9.990811, 6.993433
7.050000, 9.990940, 6.993525
7.060000, 9.991067, 6.993615
7.070000, 9.991192, 6.993705
7.080000, 9.991315, 6.993793
7.090000, 9.991437, 6.993880
7.100000, 9.991557, 6.993966
7.110000, 9.991675, 6.994050
7.120000, 9.991792, 6.994133
7.130000, 9.991907, 6.994216
7.140000, 9.992020, 6.994297
7.150000, 9.992132, 6.994377
7.160000, 9.992242, 6.994455
7.170000, 9.992351, 6.994533
7.180000, 9.992458, 6.994610
7.190000, 9.992564, 6.994685
7.200000, 9.992668, 6.994760
7.210000, 9.992770, 6.994833
7.220000, 9.992872, 6.994905
7.230000, 9.992972, 6.994977
7.240000, 9.993070, 6.995047
7.250000, 9.993167, 6.995116
7.260000, 9.993263, 6.995185
7.270000, 9.993357, 6.995252
7.280000, 9.993450, 6.995319
7.290000, 9.993542, 6.995384
7.300000, 9.993632, 6.995449
7.310000, 9.993722, 6.995513
7.320000, 9.993810, 6.995576
7.330000, 9.993896, 6.995638
7.340000, 9.993982, 6.995699
7.350000, 9.994066, 6.995759
7.360000, 9.994149, 6.995818
7.370000, 9.994231, 6.995877
7.380000, 9.994312, 6.995935
7.390000, 9.994392, 6.995992
7.400000, 9.994470, 6.996048
7.410000, 9.994548, 6.996103
7.420000, 9.994624, 6.996158
7.430000, 9.994700, 6.996212
7.440000, 9.994774, 6.996265
7.450000, 9.994847, 6.996317
7.460000, 9.994919, 6.996369
7.470000, 9.994990, 6.996420
7.480000, 9.995061, 6.996470
7.490000, 9.995130, 6.996519
7.500000, 9.995198, 6.996568
7.510000, 9.995265, 6.996616
7.520000, 9.995332, 6.996663
7.530000, 9.995397, 6.996710
7.540000, 9.995462, 6.996756
7.550000, 9.995525, 6.996802
7.560000, 9.995588, 6.996847
7.570000, 9.995650, 6.996891
7.580000, 9.995711, 6.996934
7.590000, 9.995771, 6.996977
7.600000, 9.995830, 6.997020
7.610000, 9.995888, 6.997061
7.620000, 9.995946, 6.997103
7.630000, 9.996003, 6.997143
7.640000, 9.996059, 6.997183
7.650000, 9.996114, 6.997223
7.660000, 9.996169, 6.997262
7.670000, 9.996222, 6.997300
7.680000, 9.996275, 6.997338
7.690000, 9.996327, 6.997375
7.700000, 9.996379, 6.997412
7.710000, 9.996430, 6.997448
7.720000, 9.996480, 6.997484
7.730000, 9.996529, 6.997519
7.740000, 9.996578, 6.997554
7.750000, 9.996626, 6.997588
7.760000, 9.996673, 6.997622
7.770000, 9.996719, 6.997655
7.780000, 9.996765, 6.997688
7.790000, 9.996811, 6.997721
7.800000, 9.996855, 6.997753
7.810000, 9.996899, 6.997784
7.820000, 9.996943, 6.997815
7.830000, 9.996986, 6.997846
7.840000, 9.997028, 6.997876
7.850000, 9.997070, 6.997906
7.860000, 9.997111, 6.997935
7.870000, 9.997151, 6.997964
7.880000, 9.997191, 6.997992
7.890000, 9.997231, 6.998021
7.900000, 9.997269, 6.998048
7.910000, 9.997308, 6.998076
7.920000, 9.997345, 6.998103
7.930000, 9.997383, 6.998129
7.940000, 9.997419, 6.998155
7.950000, 9.997455, 6.998181
7.960000, 9.997491, 6.998207
7.970000, 9.997526, 6.998232
7.980000, 9.997561, 6.998257
7.990000, 9.997595, 6.998281
8.000000, 9.997629, 6.998305
8.010000, 9.997662, 6.998329
8.020000, 9.997695, 6.998352
8.030000, 9.997727, 6.998376
8.040000, 9.997759, 6.998398
8.050000, 9.997790, 6.998421
8.060000, 9.997821, 6.998443
8.070000, 9.997852, 6.998465
8.080000, 9.997882, 6.998486
8.090000, 9.997912, 6.998507
8.100000, 9.997941, 6.998528
8.110000, 9.997970, 6.998549
8.120000, 9.997998, 6.998569
8.130000, 9.998026, 6.998589
8.140000, 9.998054, 6.998609
8.150000, 9.998081, 6.998629
8.160000, 9.998108, 6.998648
8.170000, 9.998135, 6.998667
8.180000, 9.998161, 6.998685
8.190000, 9.998187, 6.998704
8.200000, 9.998212, 6.998722
8.210000, 9.998237, 6.998740
8.220000, 9.998262, 6.998758
8.230000, 9.998286, 6.998775
8.240000, 9.998310, 6.998792
8.250000, 9.998334, 6.998809
8.260000, 9.998357, 6.998826
8.270000, 9.998380, 6.998842
8.280000, 9.998403, 6.998859
8.290000, 9.998425, 6.998875
8.300000, 9.998447, 6.998890
8.310000, 9.998469, 6.998906
8.320000, 9.998491, 6.998921
8.330000, 9.998512, 6.998936
8.340000, 9.998533, 6.998951
8.350000, 9.998553, 6.998966
8.360000, 9.998573, 6.998980
8.370000, 9.998593, 6.998995
8.380000, 9.998613, 6.999009
8.390000, 9.998633, 6.999023
8.400000, 9.998652, 6.999036
8.410000, 9.998671, 6.999050
8.420000, 9.998689, 6.999063
8.430000, 9.998708, 6.999076
8.440000, 9.998726, 6.999089
8.450000, 9.998744, 6.999102
8.460000, 9.998761, 6.999115
8.470000, 9.998779, 6.999127
8.480000, 9.998796, 6.999139
8.490000, 9.998813, 6.999151
8.500000, 9.998829, 6.999163
8.510000, 9.998846, 6.999175
8.520000, 9.998862, 6.999187
8.530000, 9.998878, 6.999198
8.540000, 9.998893, 6.999209
8.550000, 9.998909, 6.999220
8.560000, 9.998924, 6.999231
8.570000, 9.998939, 6.999242
8.580000, 9.998954, 6.999253
8.590000, 9.998969, 6.999263
8.600000, 9.998983, 6.999273
8.610000, 9.998998, 6.999284
8.620000, 9.999012, 6.999294
8.630000, 9.999025, 6.999304
8.640000, 9.999039, 6.999313
8.650000, 9.999053, 6.999323
8.660000, 9.999066, 6.999332
8.670000, 9.999079, 6.999342
8.680000, 9.999092, 6.999351
8.690000, 9.999105, 6.999360
8.700000, 9.999117, 6.999369
8.710000, 9.999130, 6.999378
8.720000, 9.999142, 6.999387
8.730000, 9.999154, 6.999395
8.740000, 9.999166, 6.999404
8.750000, 9.999177, 6.999412
8.760000, 9.999189, 6.999420
8.770000, 9.999200, 6.999428
8.780000, 9.999211, 6.999436
8.790000, 9.999223, 6.999444
8.800000, 9.999233, 6.999452
8.810000, 9.999244, 6.999460
8.820000, 9.999255, 6.999467
8.830000, 9.999265, 6.999475
8.840000, 9.999275, 6.999482
8.850000, 9.999286, 6.999489
8.860000, 9.999296, 6.999497
8.870000, 9.999306, 6.999504
8.880000, 9.999315, 6.999511
8.890000, 9.999325, 6.999517
8.900000, 9.999334, 6.999524
8.910000, 9.999344, 6.999531
8.920000, 9.999353, 6.999537
8.930000, 9.999362, 6.999544
8.940000, 9.999371, 6.999550
8.950000, 9.999380, 6.999557
8.960000, 9.999388, 6.999563
8.970000, 9.999397, 6.999569
8.980000, 9.999405, 6.999575
8.990000, 9.999414, 6.999581
9.000000, 9.999422, 6.999587
9.010000, 9.999430, 6.999593
9.020000, 9.999438, 6.999598
9.030000, 9.999446, 6.999604
9.040000, 9.999454, 6.999610
9.050000, 9.999461, 6.999615
9.060000, 9.999469, 6.999620
9.070000, 9.999476, 6.999626
9.080000, 9.999484, 6.999631
9.090000, 9.999491, 6.999636
9.100000, 9.999498, 6.999641
9.110000, 9.999505, 6.999646
9.120000, 9.999512, 6.999651
9.130000, 9.999519, 6.999656
9.140000, 9.999526, 6.999661
9.150000, 9.999532, 6.999666
9.160000, 9.999539, 6.999670
9.170000, 9.999545, 6.999675
9.180000, 9.999552, 6.999680
9.190000, 9.999558, 6.999684
9.200000, 9.999564, 6.999688
9.210000, 9.999570, 6.999693
9.220000, 9.999576, 6.999697
9.230000, 9.999582, 6.999701
9.240000, 9.999588, 6.999706
9.250000, 9.999594, 6.999710
9.260000, 9.999600, 6.999714
9.270000, 9.999605, 6.999718
9.280000, 9.999611, 6.999722
9.290000, 9.999616, 6.999726
9.300000, 9.999622, 6.999730
9.310000, 9.999627, 6.999733
9.320000, 9.999632, 6.999737
9.330000, 9.999637, 6.999741
9.340000, 9.999642, 6.999744
9.350000, 9.999647, 6.999748
9.360000, 9.999652, 6.999751
9.370000, 9.999657, 6.999755
9.380000, 9.999662, 6.999758
9.390000, 9.999667, 6.999762
9.400000, 9.999671, 6.999765
9.410000, 9.999676, 6.999768
9.420000, 9.999681, 6.999772
9.430000, 9.999685, 6.999775
9.440000, 9.999689, 6.999778
9.450000, 9.999694, 6.999781
9.460000, 9.999698, 6.999784
9.470000, 9.999702, 6.999787
9.480000, 9.999706, 6.999790
9.490000, 9.999711, 6.999793
9.500000, 9.999715, 6.999796
9.510000, 9.999719, 6.999799
9.520000, 9.999723, 6.999802
9.530000, 9.999726, 6.999804
9.540000, 9.999730, 6.999807
9.550000, 9.999734, 6.999810
9.560000, 9.999738, 6.999813
9.570000, 9.999741, 6.999815
9.580000, 9.999745, 6.999818
9.590000, 9.999749, 6.999820
9.600000, 9.999752, 6.999823
9.610000, 9.999756, 6.999825
9.620000, 9.999759, 6.999828
9.630000, 9.999762, 6.999830
9.640000, 9.999766, 6.999833
9.650000, 9.999769, 6.999835
9.660000, 9.999772, 6.999837
9.670000, 9.999776, 6.999840
9.680000, 9.999779, 6.999842
9.690000, 9.999782, 6.999844
9.700000, 9.999785, 6.999846
9.710000, 9.999788, 6.999848
9.720000, 9.999791, 6.999850
9.730000, 9.999794, 6.999853
9.740000, 9.999797, 6.999855
9.750000, 9.999799, 6.999857
9.760000, 9.999802, 6.999859
9.770000, 9.999805, 6.999861
9.780000, 9.999808, 6.999863
9.790000, 9.999810, 6.999865
9.800000, 9.999813, 6.999866
9.810000, 9.999816, 6.999868
9.820000, 9.999818, 6.999870
9.830000, 9.999821, 6.999872
9.840000, 9.999823, 6.999874
9.850000, 9.999826, 6.999876
9.860000, 9.999828, 6.999877
9.870000, 9.999831, 6.999879
9.880000, 9.999833, 6.999881
9.890000, 9.999835, 6.999882
9.900000, 9.999838, 6.999884
9.910000, 9.999840, 6.999886
9.920000, 9.999842, 6.999887
9.930000, 9.999844, 6.999889
9.940000, 9.999847, 6.999890
9.950000, 9.999849, 6.999892
9.960000, 9.999851, 6.999893
9.970000, 9.999853, 6.999895
9.980000, 9.999855, 6.999896
9.990000, 9.999857, 6.999898
10.000000, 9.999859, 6.999899
